升级指令列表

升级模式测试
发送：55 55 00 00 F0 00 00 00 FF AA AA
返回：55 55 00 00 F0 00 00 00 FF AA AA

擦除指令
发送：55 55 00 00 F1 00 00 00 FF AA AA
返回：55 55 00 00 F1 00 00 00 FF AA AA

数据包个数指令（32个数据包）
发送：55 55 00 00 F2 00 04 00 20 00 00 00 FF AA AA
返回：55 55 00 00 F2 00 00 00 FF AA AA

----------------------------------------------------------------------

写数据指令（64字节有效数据）不带序号
[11:53:56.175]发→◇55 55 00 00 F5 00 40 00 01 02 03 04 05 06 07 08 09 00 01 02 03 04 05 06 07 08 09 00 01 02 03 04 05 06 07 08 09 00 01 02 03 04 05 06 07 08 09 00 01 02 03 04 05 06 07 08 09 00 01 02 03 04 05 06 07 08 09 00 01 02 03 04 FF AA AA □
[11:53:56.183]收←◆55 55 00 00 F5 00 00 00 E8 AA AA 

--------------------------------------------------------------------

写数据指令（64字节有效数据）
发送：55 55 00 00 F3 00 44 00 00 00 00 00 01 02 03 04 05 06 07 08 09 00 01 02 03 04 05 06 07 08 09 00 01 02 03 04 05 06 07 08 09 00 01 02 03 04 05 06 07 08 09 00 01 02 03 04 05 06 07 08 09 00 01 02 03 04 05 06 07 08 09 00 01 02 03 04 FF AA AA
返回：55 55 00 00 F3 00 00 00 FF AA AA

发送：55 55 00 00 F3 00 44 01 00 00 00 00 01 02 03 04 05 06 07 08 09 00 01 02 03 04 05 06 07 08 09 00 01 02 03 04 05 06 07 08 09 00 01 02 03 04 05 06 07 08 09 00 01 02 03 04 05 06 07 08 09 00 01 02 03 04 05 06 07 08 09 00 01 02 03 04 FF AA AA
返回：55 55 00 00 F3 00 00 00 FF AA AA

发送：55 55 00 00 F3 00 44 02 00 00 00 00 01 02 03 04 05 06 07 08 09 00 01 02 03 04 05 06 07 08 09 00 01 02 03 04 05 06 07 08 09 00 01 02 03 04 05 06 07 08 09 00 01 02 03 04 05 06 07 08 09 00 01 02 03 04 05 06 07 08 09 00 01 02 03 04 FF AA AA
返回：55 55 00 00 F3 00 00 00 FF AA AA

[11:54:40.743]发→◇55 55 00 00 F3 00 44 00 00 00 00 00 01 02 03 04 05 06 07 08 09 00 01 02 03 04 05 06 07 08 09 00 01 02 03 04 05 06 07 08 09 00 01 02 03 04 05 06 07 08 09 00 01 02 03 04 05 06 07 08 09 00 01 02 03 04 05 06 07 08 09 00 01 02 03 04 FF AA AA □
[11:54:40.752]收←◆55 55 00 16 F3 00 00 00 9E AA AA 

---------------------------------------------------------------------

读数据指令（64字节有效数据）
发送：55 55 00 00 F6 00 04 00 00 00 00 00 FF AA AA
返回：55 55 00 00 F6 00 00 00 FF AA AA

[11:50:07.309]发→◇55 55 00 00 F6 00 04 00 40 00 08 00 FF AA AA □
[11:50:07.315]收←◆55 55 00 00 F6 00 40 00 FF FF FF FF FF FF FF FF FF FF FF FF FF FF FF FF FF FF FF FF FF FF FF FF FF FF FF FF FF FF FF FF FF FF FF FF FF FF FF FF FF FF FF FF FF FF FF FF FF FF FF FF FF FF FF FF FF FF FF FF FF FF FF FF 5D AA AA 

[11:52:19.806]收←◆55 55 00 00 F5 00 00 00 E8 AA AA 
[11:52:23.958]发→◇55 55 00 00 F5 00 40 00 01 02 03 04 05 06 07 08 09 00 01 02 03 04 05 06 07 08 09 00 01 02 03 04 05 06 07 08 09 00 01 02 03 04 05 06 07 08 09 00 01 02 03 04 05 06 07 08 09 00 01 02 03 04 05 06 07 08 09 00 01 02 03 04 FF AA AA 

------------------------------------------------------------------------

固件更新指令
发送：55 55 00 00 F8 00 00 00 FF AA AA
返回：55 55 00 00 F8 00 00 00 FF AA AA


复位指令
发送：55 55 00 00 F9 00 00 00 FF AA AA
返回：55 55 00 00 F9 00 00 00 FF AA AA

